Punders <-
  structure(c(1, 1, 1, 0.998333333333333, 0.995, 0.968333333333333, 
              0.963333333333333, 0.951666666666667, 0.936666666666667, 0.933333333333333, 
              0.906666666666667, 0.87, 0.888333333333333, 0.86, 0.845, 0.846666666666667, 
              0.825, 0.825, 0.79, 1, 0.985, 0.916666666666667, 0.796666666666667, 
              0.693333333333333, 0.565, 0.545, 0.491666666666667, 0.44, 0.401666666666667, 
              0.406666666666667, 0.343333333333333, 0.34, 0.291666666666667, 
              0.335, 0.308333333333333, 0.318333333333333, 0.353333333333333, 
              0.443333333333333, 0.998333333333333, 0.828333333333333, 0.571666666666667, 
              0.32, 0.226666666666667, 0.223333333333333, 0.146666666666667, 
              0.13, 0.121666666666667, 0.0983333333333333, 0.101666666666667, 
              0.0733333333333333, 0.0983333333333333, 0.0683333333333333, 0.0866666666666667, 
              0.0966666666666667, 0.0916666666666667, 0.113333333333333, 0.176666666666667, 
              0.925, 0.293333333333333, 0.0983333333333333, 0.04, 0.015, 0.0216666666666667, 
              0.0116666666666667, 0.00666666666666667, 0.005, 0.005, 0.00333333333333333, 
              0.00333333333333333, 0.005, 0.00833333333333333, 0.00833333333333333, 
              0.00333333333333333, 0.00666666666666667, 0.015, 0.0433333333333333, 
              0.365, 0.0166666666666667, 0.00166666666666667, 0, 0, 0, 0, 0, 
              0, 0, 0, 0, 0, 0, 0, 0, 0, 0, 0.00666666666666667), .Dim = c(19L, 
                                                                           5L), .Dimnames = list(c("0.05", "0.1", "0.15", "0.2", "0.25", 
                                                                                                   "0.3", "0.35", "0.4", "0.45", "0.5", "0.55", "0.6", "0.65", "0.7", 
                                                                                                   "0.75", "0.8", "0.85", "0.9", "0.95"), c("1", "5", "10", "20", 
                                                                                                                                            "40")))
Povers <-
  structure(c(0.00166666666666667, 0.00166666666666667, 0.01, 0.0166666666666667, 
              0.0283333333333333, 0.0516666666666667, 0.085, 0.0583333333333333, 
              0.0883333333333333, 0.11, 0.101666666666667, 0.113333333333333, 
              0.136666666666667, 0.191666666666667, 0.156666666666667, 0.155, 
              0.19, 0.175, 0.231666666666667, 0, 0, 0.005, 0.03, 0.0333333333333333, 
              0.0516666666666667, 0.0683333333333333, 0.0816666666666667, 0.0866666666666667, 
              0.105, 0.108333333333333, 0.126666666666667, 0.156666666666667, 
              0.136666666666667, 0.175, 0.208333333333333, 0.156666666666667, 
              0.208333333333333, 0.195, 0.00166666666666667, 0.0116666666666667, 
              0.00833333333333333, 0.0283333333333333, 0.0416666666666667, 
              0.0633333333333333, 0.0633333333333333, 0.085, 0.0883333333333333, 
              0.108333333333333, 0.116666666666667, 0.111666666666667, 0.106666666666667, 
              0.145, 0.141666666666667, 0.165, 0.143333333333333, 0.221666666666667, 
              0.216666666666667, 0, 0.00166666666666667, 0.005, 0.0183333333333333, 
              0.0466666666666667, 0.0366666666666667, 0.0616666666666667, 0.0816666666666667, 
              0.08, 0.106666666666667, 0.123333333333333, 0.105, 0.148333333333333, 
              0.146666666666667, 0.153333333333333, 0.153333333333333, 0.181666666666667, 
              0.188333333333333, 0.206666666666667, 0.00166666666666667, 0.00333333333333333, 
              0.005, 0.0266666666666667, 0.0483333333333333, 0.0533333333333333, 
              0.0533333333333333, 0.0866666666666667, 0.085, 0.103333333333333, 
              0.131666666666667, 0.115, 0.133333333333333, 0.15, 0.143333333333333, 
              0.17, 0.203333333333333, 0.203333333333333, 0.206666666666667
  ), .Dim = c(19L, 5L), .Dimnames = list(c("0.05", "0.1", "0.15", 
                                           "0.2", "0.25", "0.3", "0.35", "0.4", "0.45", "0.5", "0.55", "0.6", 
                                           "0.65", "0.7", "0.75", "0.8", "0.85", "0.9", "0.95"), c("1", 
                                                                                                   "5", "10", "20", "40")))
