Punders <-
  structure(c(1, 1, 1, 1, 0.998333333333333, 0.996666666666667, 
              0.995, 0.991666666666667, 0.973333333333333, 0.978333333333333, 
              0.955, 0.94, 0.945, 0.928333333333333, 0.911666666666667, 0.906666666666667, 
              0.9, 0.858333333333333, 0.866666666666667, 1, 1, 0.981666666666667, 
              0.9, 0.773333333333333, 0.643333333333333, 0.61, 0.54, 0.44, 
              0.42, 0.416666666666667, 0.395, 0.391666666666667, 0.356666666666667, 
              0.34, 0.335, 0.333333333333333, 0.35, 0.42, 1, 0.961666666666667, 
              0.633333333333333, 0.391666666666667, 0.3, 0.205, 0.16, 0.155, 
              0.106666666666667, 0.0933333333333333, 0.111666666666667, 0.0933333333333333, 
              0.0616666666666667, 0.0866666666666667, 0.075, 0.0683333333333333, 
              0.0883333333333333, 0.123333333333333, 0.181666666666667, 1, 
              0.38, 0.101666666666667, 0.05, 0.0266666666666667, 0.0133333333333333, 
              0.0216666666666667, 0.01, 0.005, 0.005, 0.005, 0.00166666666666667, 
              0.00333333333333333, 0.005, 0.005, 0.00833333333333333, 0.005, 
              0.02, 0.0333333333333333, 0.713333333333333, 0.0266666666666667, 
              0.00833333333333333, 0, 0, 0, 0, 0, 0, 0, 0, 0, 0, 0, 0, 0, 0, 
              0, 0.00666666666666667), .Dim = c(19L, 5L), .Dimnames = list(
                c("0.05", "0.1", "0.15", "0.2", "0.25", "0.3", "0.35", "0.4", 
                  "0.45", "0.5", "0.55", "0.6", "0.65", "0.7", "0.75", "0.8", 
                  "0.85", "0.9", "0.95"), c("1", "5", "10", "20", "40")))
Povers <-
  structure(c(0.00833333333333333, 0.00666666666666667, 0.00833333333333333, 
              0.0383333333333333, 0.0366666666666667, 0.06, 0.07, 0.0783333333333333, 
              0.0866666666666667, 0.108333333333333, 0.118333333333333, 0.115, 
              0.121666666666667, 0.128333333333333, 0.148333333333333, 0.161666666666667, 
              0.18, 0.178333333333333, 0.198333333333333, 0.00166666666666667, 
              0.00666666666666667, 0.0133333333333333, 0.0266666666666667, 
              0.045, 0.0416666666666667, 0.0666666666666667, 0.0633333333333333, 
              0.108333333333333, 0.101666666666667, 0.113333333333333, 0.151666666666667, 
              0.133333333333333, 0.12, 0.161666666666667, 0.148333333333333, 
              0.19, 0.18, 0.208333333333333, 0.00166666666666667, 0.00833333333333333, 
              0.0116666666666667, 0.02, 0.03, 0.045, 0.0566666666666667, 0.065, 
              0.095, 0.116666666666667, 0.103333333333333, 0.118333333333333, 
              0.14, 0.141666666666667, 0.176666666666667, 0.18, 0.165, 0.146666666666667, 
              0.236666666666667, 0.00666666666666667, 0.01, 0.01, 0.025, 0.05, 
              0.0533333333333333, 0.0783333333333333, 0.106666666666667, 0.0866666666666667, 
              0.0933333333333333, 0.106666666666667, 0.111666666666667, 0.14, 
              0.141666666666667, 0.166666666666667, 0.173333333333333, 0.193333333333333, 
              0.208333333333333, 0.24, 0.00166666666666667, 0.00833333333333333, 
              0.00833333333333333, 0.0166666666666667, 0.04, 0.0483333333333333, 
              0.065, 0.0666666666666667, 0.0833333333333333, 0.0883333333333333, 
              0.101666666666667, 0.118333333333333, 0.145, 0.15, 0.168333333333333, 
              0.133333333333333, 0.175, 0.188333333333333, 0.203333333333333
  ), .Dim = c(19L, 5L), .Dimnames = list(c("0.05", "0.1", "0.15", 
                                           "0.2", "0.25", "0.3", "0.35", "0.4", "0.45", "0.5", "0.55", "0.6", 
                                           "0.65", "0.7", "0.75", "0.8", "0.85", "0.9", "0.95"), c("1", 
                                                                                                   "5", "10", "20", "40")))
