out_df_all <-
structure(list(method = structure(c(1L, 4L, 2L, 3L, 5L, 1L, 4L, 
2L, 3L, 5L, 1L, 4L, 2L, 3L, 5L, 1L, 4L, 2L, 3L, 5L, 1L, 4L, 2L, 
3L, 5L, 1L, 4L, 2L, 3L, 5L, 1L, 4L, 2L, 3L, 5L, 1L, 4L, 2L, 3L, 
5L, 1L, 4L, 2L, 3L, 5L, 1L, 4L, 2L, 3L, 5L, 1L, 4L, 2L, 3L, 5L, 
1L, 4L, 2L, 3L, 5L, 1L, 4L, 2L, 3L, 5L, 1L, 4L, 2L, 3L, 5L, 1L, 
4L, 2L, 3L, 5L, 1L, 4L, 2L, 3L, 5L, 1L, 4L, 2L, 3L, 5L, 1L, 4L, 
2L, 3L, 5L, 1L, 4L, 2L, 3L, 5L, 1L, 4L, 2L, 3L, 5L, 1L, 4L, 2L, 
3L, 5L, 1L, 4L, 2L, 3L, 5L, 1L, 4L, 2L, 3L, 5L, 1L, 4L, 2L, 3L, 
5L, 1L, 4L, 2L, 3L, 5L, 1L, 4L, 2L, 3L, 5L, 1L, 4L, 2L, 3L, 5L, 
1L, 4L, 2L, 3L, 5L, 1L, 4L, 2L, 3L, 5L, 1L, 4L, 2L, 3L, 5L, 1L, 
4L, 2L, 3L, 5L, 1L, 4L, 2L, 3L, 5L, 1L, 4L, 2L, 3L, 5L, 1L, 4L, 
2L, 3L, 5L, 1L, 4L, 2L, 3L, 5L, 1L, 4L, 2L, 3L, 5L, 1L, 4L, 2L, 
3L, 5L, 1L, 4L, 2L, 3L, 5L, 1L, 4L, 2L, 3L, 5L, 1L, 4L, 2L, 3L, 
5L, 1L, 4L, 2L, 3L, 5L, 1L, 4L, 2L, 3L, 5L, 1L, 4L, 2L, 3L, 5L, 
1L, 4L, 2L, 3L, 5L, 1L, 4L, 2L, 3L, 5L, 1L, 4L, 2L, 3L, 5L, 1L, 
4L, 2L, 3L, 5L, 1L, 4L, 2L, 3L, 5L), .Label = c("1SE", "HF", 
"HFnaive", "KWW", "ZSEdiff"), class = "factor"), coverage = c(0.714, 
0.991, 0.84, 0.586, 0.861, 0.85, 1, 0.987, 0.773, 0.87, 0.702, 
0.997, 0.92, 0.567, 0.883, 0.817, 1, 0.996, 0.784, 0.879, 0.972, 
1, 0.934, 0.837, 0.988, 0.994, 1, 0.998, 0.866, 0.912, 0.984, 
1, 0.948, 0.835, 0.993, 0.985, 1, 0.999, 0.858, 0.876, 1, 1, 
1, 0.959, 0.997, 1, 1, 0.997, 0.871, 0.914, 1, 1, 0.999, 0.957, 
0.997, 1, 1, 1, 0.881, 0.877, 0, 0, 0, 0, 0, 0.821, 1, 0.984, 
0.792, 0.914, 0, 0, 0, 0, 0, 0.715, 1, 0.998, 0.758, 0.862, 0.933, 
1, 0.91, 0.782, 0.964, 0.995, 1, 0.999, 0.927, 0.995, 0.924, 
1, 0.943, 0.736, 0.958, 0.979, 1, 0.999, 0.846, 0.873, 1, 1, 
0.996, 0.949, 0.995, 1, 1, 0.998, 0.93, 0.997, 1, 1, 0.998, 0.959, 
0.991, 1, 1, 0.999, 0.89, 0.886, 0.695, 0.992, 0.88, 0.655, 0.875, 
0.866, 1, 0.987, 0.875, 0.868, 0.712, 0.998, 0.941, 0.668, 0.9, 
0.803, 1, 0.997, 0.889, 0.893, 0.961, 1, 0.95, 0.878, 0.991, 
0.995, 1, 0.996, 0.929, 0.913, 0.971, 1, 0.966, 0.881, 0.994, 
0.989, 1, 1, 0.915, 0.894, 1, 1, 0.998, 0.973, 0.995, 1, 1, 0.998, 
0.957, 0.921, 1, 1, 1, 0.979, 0.999, 1, 1, 1, 0.947, 0.897, 0, 
0, 0, 0, 0, 0.825, 1, 0.995, 0.896, 0.924, 0, 0, 0, 0, 0, 0.706, 
1, 1, 0.87, 0.89, 0.932, 1, 0.922, 0.82, 0.976, 0.993, 1, 0.999, 
0.955, 0.996, 0.933, 1, 0.945, 0.828, 0.977, 0.986, 1, 0.999, 
0.929, 0.909, 0.999, 1, 0.999, 0.972, 0.999, 1, 1, 1, 0.963, 
1, 1, 1, 0.999, 0.967, 0.993, 1, 1, 1, 0.958, 0.91), selection = c(0.048, 
0, 0.013, 0.113, 0.035, 0.064, 0, 0.001, 0.083, 0.099, 0.069, 
0, 0.006, 0.123, 0.028, 0.092, 0, 0, 0.083, 0.091, 0.043, 0, 
0.118, 0.432, 0.152, 0.037, 0, 0.031, 0.257, 0.252, 0.052, 0, 
0.065, 0.413, 0.094, 0.06, 0, 0.006, 0.245, 0.241, 0.283, 0, 
0.658, 0.862, 0.735, 0.06, 0, 0.186, 0.575, 0.544, 0.28, 0, 0.493, 
0.86, 0.641, 0.058, 0, 0.078, 0.578, 0.526, 0, 0, 0, 0, 0, 0.042, 
0, 0, 0.041, 0.079, 0, 0, 0, 0, 0, 0.063, 0, 0, 0.033, 0.051, 
0.076, 0, 0.125, 0.381, 0.215, 0.008, 0, 0.002, 0.193, 0.251, 
0.073, 0, 0.043, 0.303, 0.097, 0.058, 0, 0.001, 0.188, 0.203, 
0.277, 0, 0.623, 0.834, 0.736, 0.033, 0, 0.13, 0.574, 0.457, 
0.261, 0, 0.484, 0.853, 0.627, 0.063, 0, 0.069, 0.565, 0.54, 
0.066, 0, 0.014, 0.079, 0.028, 0.074, 0, 0, 0.044, 0.09, 0.062, 
0, 0.003, 0.091, 0.028, 0.092, 0, 0, 0.049, 0.082, 0.047, 0, 
0.109, 0.332, 0.158, 0.037, 0, 0.014, 0.196, 0.251, 0.054, 0, 
0.045, 0.345, 0.104, 0.061, 0, 0.004, 0.167, 0.237, 0.271, 0, 
0.556, 0.836, 0.705, 0.059, 0, 0.114, 0.473, 0.549, 0.293, 0, 
0.463, 0.855, 0.629, 0.06, 0, 0.037, 0.478, 0.522, 0, 0, 0, 0, 
0, 0.041, 0, 0, 0.004, 0.091, 0, 0, 0, 0, 0, 0.067, 0, 0, 0.016, 
0.058, 0.062, 0, 0.072, 0.256, 0.181, 0.024, 0, 0.006, 0.139, 
0.249, 0.086, 0, 0.04, 0.288, 0.123, 0.044, 0, 0, 0.091, 0.225, 
0.309, 0, 0.577, 0.826, 0.689, 0.047, 0, 0.103, 0.451, 0.478, 
0.289, 0, 0.443, 0.809, 0.615, 0.072, 0, 0.053, 0.48, 0.543), 
    size = c(2.628, 6.945, 4.566, 2.337, 3.513, 7.055, 11.869, 
    11.32, 6.823, 7.489, 2.642, 7.769, 5.662, 2.34, 3.857, 9.688, 
    39.115, 37.533, 12.604, 13.037, 5.988, 9.991, 6.721, 3.515, 
    6.112, 9.75, 10.894, 9.967, 6.749, 8.471, 6.448, 23.542, 
    10.136, 3.57, 7.71, 29.776, 50.087, 47.082, 18.847, 22.798, 
    8.885, 10, 6.598, 3.258, 6.675, 9.94, 10, 9.597, 6.41, 8.296, 
    12.947, 48.438, 11.81, 3.724, 9.744, 47.394, 49.009, 46.415, 
    19.321, 27.13, 1.781, 6.962, 4.251, 2.027, 2.711, 3.636, 
    11.244, 10.143, 4.327, 4.19, 1.781, 7.975, 5.431, 2.023, 
    3.012, 8.099, 38.884, 37.398, 11.897, 11.922, 2.915, 4.97, 
    3.103, 2.023, 2.875, 3.515, 6.523, 4.715, 2.973, 3.154, 5.764, 
    22.004, 9.652, 3.393, 6.564, 28.167, 46.258, 43.091, 17.782, 
    21.344, 2.716, 3.979, 2.291, 1.713, 2.235, 3.004, 4.685, 
    3.043, 2.165, 2.558, 12.59, 42.837, 11.186, 3.484, 9.091, 
    41.383, 43.926, 40.621, 17.936, 24.388, 2.585, 7.305, 5.039, 
    2.84, 3.67, 7.222, 11.938, 11.607, 8.803, 7.902, 2.663, 8.042, 
    6.059, 2.855, 3.978, 9.64, 39.308, 38.334, 18.889, 13.653, 
    5.997, 10.037, 7.181, 4.267, 6.226, 9.796, 11.001, 10.166, 
    8.114, 8.562, 6.29, 24.592, 10.999, 4.52, 7.83, 29.941, 50.186, 
    48.011, 26, 24.079, 8.946, 10, 7.268, 4.28, 6.895, 9.941, 
    10.001, 9.758, 7.999, 8.431, 12.785, 48.689, 12.828, 4.805, 
    9.64, 47.546, 49.016, 47.559, 27.994, 28.317, 1.75, 7.428, 
    4.674, 2.424, 2.883, 3.631, 11.499, 10.725, 5.762, 4.228, 
    1.756, 8.392, 6.036, 2.455, 3.116, 7.936, 39.281, 38.254, 
    18.261, 12.414, 2.952, 5.129, 3.35, 2.382, 2.995, 3.508, 
    6.825, 5.012, 3.425, 3.178, 5.7, 23.049, 10.241, 4.365, 6.659, 
    28.639, 46.601, 43.892, 25.079, 21.772, 2.688, 3.994, 2.375, 
    1.904, 2.299, 2.987, 4.825, 3.137, 2.444, 2.547, 12.69, 42.936, 
    12.567, 4.579, 9.568, 41.332, 43.981, 41.374, 25.455, 25.418
    ), k = c(3, 3, 3, 3, 3, 3, 3, 3, 3, 3, 3, 3, 3, 3, 3, 3, 
    3, 3, 3, 3, 3, 3, 3, 3, 3, 3, 3, 3, 3, 3, 3, 3, 3, 3, 3, 
    3, 3, 3, 3, 3, 3, 3, 3, 3, 3, 3, 3, 3, 3, 3, 3, 3, 3, 3, 
    3, 3, 3, 3, 3, 3, 10, 10, 10, 10, 10, 10, 10, 10, 10, 10, 
    10, 10, 10, 10, 10, 10, 10, 10, 10, 10, 10, 10, 10, 10, 10, 
    10, 10, 10, 10, 10, 10, 10, 10, 10, 10, 10, 10, 10, 10, 10, 
    10, 10, 10, 10, 10, 10, 10, 10, 10, 10, 10, 10, 10, 10, 10, 
    10, 10, 10, 10, 10, 3, 3, 3, 3, 3, 3, 3, 3, 3, 3, 3, 3, 3, 
    3, 3, 3, 3, 3, 3, 3, 3, 3, 3, 3, 3, 3, 3, 3, 3, 3, 3, 3, 
    3, 3, 3, 3, 3, 3, 3, 3, 3, 3, 3, 3, 3, 3, 3, 3, 3, 3, 3, 
    3, 3, 3, 3, 3, 3, 3, 3, 3, 10, 10, 10, 10, 10, 10, 10, 10, 
    10, 10, 10, 10, 10, 10, 10, 10, 10, 10, 10, 10, 10, 10, 10, 
    10, 10, 10, 10, 10, 10, 10, 10, 10, 10, 10, 10, 10, 10, 10, 
    10, 10, 10, 10, 10, 10, 10, 10, 10, 10, 10, 10, 10, 10, 10, 
    10, 10, 10, 10, 10, 10, 10), n = c(50, 50, 50, 50, 50, 50, 
    50, 50, 50, 50, 50, 50, 50, 50, 50, 50, 50, 50, 50, 50, 250, 
    250, 250, 250, 250, 250, 250, 250, 250, 250, 250, 250, 250, 
    250, 250, 250, 250, 250, 250, 250, 1250, 1250, 1250, 1250, 
    1250, 1250, 1250, 1250, 1250, 1250, 1250, 1250, 1250, 1250, 
    1250, 1250, 1250, 1250, 1250, 1250, 50, 50, 50, 50, 50, 50, 
    50, 50, 50, 50, 50, 50, 50, 50, 50, 50, 50, 50, 50, 50, 250, 
    250, 250, 250, 250, 250, 250, 250, 250, 250, 250, 250, 250, 
    250, 250, 250, 250, 250, 250, 250, 1250, 1250, 1250, 1250, 
    1250, 1250, 1250, 1250, 1250, 1250, 1250, 1250, 1250, 1250, 
    1250, 1250, 1250, 1250, 1250, 1250, 50, 50, 50, 50, 50, 50, 
    50, 50, 50, 50, 50, 50, 50, 50, 50, 50, 50, 50, 50, 50, 250, 
    250, 250, 250, 250, 250, 250, 250, 250, 250, 250, 250, 250, 
    250, 250, 250, 250, 250, 250, 250, 1250, 1250, 1250, 1250, 
    1250, 1250, 1250, 1250, 1250, 1250, 1250, 1250, 1250, 1250, 
    1250, 1250, 1250, 1250, 1250, 1250, 50, 50, 50, 50, 50, 50, 
    50, 50, 50, 50, 50, 50, 50, 50, 50, 50, 50, 50, 50, 50, 250, 
    250, 250, 250, 250, 250, 250, 250, 250, 250, 250, 250, 250, 
    250, 250, 250, 250, 250, 250, 250, 1250, 1250, 1250, 1250, 
    1250, 1250, 1250, 1250, 1250, 1250, 1250, 1250, 1250, 1250, 
    1250, 1250, 1250, 1250, 1250, 1250),