MSEs <-
c(111.535377245901, 106.569142781289, 102.350277248978, 99.0694900606472, 
97.4696400593366, 96.5869633427118, 94.3816329337353, 93.714312942435, 
93.1295123583896, 92.5462459278345, 91.9307240381637, 91.3163386926909, 
91.2475019972275, 91.0123181541998, 90.9683107652144, 90.8241980611048, 
90.79794987503, 90.4270781445618, 90.2205254433965, 90.068392719242, 
89.7952477006051, 89.6175098782025, 89.3820575960944, 89.2969965295444, 
89.09088026604, 89.0094859678329, 88.9138766844929, 88.8095365855988, 
88.7490974805363, 88.6872167260627, 88.7105146061802, 88.6227410481742, 
88.5800585426573, 88.4734982218131, 88.4994891537648, 88.5257282927206, 
88.4809537391096, 88.413893097602, 88.3492333551454, 88.3532362131067, 
88.3134174697004, 88.2842339709034, 88.2433495383411, 88.1894312418918, 
88.1554669185524, 88.0962059971146, 88.1090695729836, 88.1104005971853, 
88.152989459283, 88.1385541993411, 88.1406441333862, 88.1007618032768, 
88.0885963214717, 88.0718712316456, 88.0304537609237, 88.0030938072487, 
88.0167915656645, 88.0085903088807, 87.9728419751828, 87.9802947673344, 
87.9959963553795, 87.9856988046771, 87.9752638049245, 87.9793545272116, 
87.9727911711825, 87.9628891240382, 87.9541332034122, 87.9517717959082, 
87.9528368539397, 87.9419944958304, 87.9290974602133, 87.9213666867734, 
87.9289131080322, 87.924873987217, 87.9209714655132, 87.916257628467, 
87.9133644078147, 87.9198331676613, 87.9155924138457, 87.9180137481436, 
87.92082942105, 87.9216925033874, 87.9199240530881, 87.9184519942761, 
87.9208471716391, 87.9185059878767, 87.9198780119541, 87.9217502254488, 
87.9208110181652, 87.9206648787287, 87.9209054933615)
Times <-
c(0.0300000000000011, 3.17, 3.83, 4.57, 5.37, 6.21, 7.14, 8.06, 
9.23, 10.59, 11.4, 12.51, 13.44, 14.39, 16.61, 18.73, 20.8, 21.61, 
24.59, 22.78, 23.35, 25.02, 25.71, 26.98, 28.59, 28.89, 33.08, 
32.7, 35.01, 34.33, 35.5300000000001, 37.28, 39.9, 39.54, 41.55, 
41.24, 42.5600000000001, 44.3000000000001, 45.59, 48.8100000000001, 
49.77, 49.9099999999999, 50.4000000000001, 55.27, 52.8400000000001, 
53.73, 72.6200000000001, 63.3500000000001, 57.3899999999999, 
56.6899999999998, 62.01, 66.3599999999999, 63.8299999999999, 
61.75, 65.02, 60.2, 58.97, 59.55, 57.8299999999999, 57.1099999999997, 
59.8899999999999, 62.0799999999999, 60.0599999999999, 60.0800000000004, 
56.27, 60.1400000000003, 61.0699999999997, 58.5799999999999, 
54.3900000000003, 53.5, 54.6500000000001, 55.5900000000001, 54.8499999999999, 
52.1700000000001, 51.46, 46.8599999999997, 45.2999999999997, 
43.4199999999996, 41.6900000000001, 40.27, 37.9200000000001, 
36.1300000000001, 33.8200000000002, 31.4200000000001, 28.8699999999999, 
26.3299999999999, 23.7199999999998, 20.7999999999997, 17.8299999999999, 
14.77, 11.4700000000003)
formulaFsCv <-
Y ~ 1 + Mean1 + Mean3 + Var2 + Mean2 + Mean6 + Var11 + Cov14 + 
    Var8 + Var1 + Cov33 + Cov3 + Mean9 + Cov12 + Cov34 + Cov16 + 
    Cov24 + Cov17 + Cov54 + Mean11 + Mean8 + Cov61 + Var6 + Cov37 + 
    Cov35 + Var4 + Var3 + Var7 + Cov1 + Mean5 + Cov45 + Cov40 + 
    Cov15 + Cov64 + Cov41 + Var12 + Cov9 + Cov52 + Cov47 + Cov59 + 
    Cov65 + Cov51 + Cov26 + Cov50 + Cov23 + Cov63 + Var9 + Cov21 + 
    Cov5 + Cov22 + Var5 + Cov28 + Mean10 + Cov39 + Cov46 + Cov49 + 
    Cov42 + Cov10 + Cov29 + Cov4 + Cov13 + Cov19 + Cov8 + Cov20 + 
    Cov58 + Cov60 + Cov38 + Cov7 + Mean7 + Cov18 + Cov48 + Cov11 + 
    Mean4 + Cov25 + Cov32 + Cov53 + Var10
formulaFsSeqCv <-
Y ~ 1 + Mean1 + Mean3 + Var2 + Mean2 + Mean6 + Var11 + Cov14 + 
    Var8 + Var1 + Cov33 + Cov3 + Mean9 + Cov12 + Cov34 + Cov16 + 
    Cov24 + Cov17 + Cov54 + Mean11 + Mean8 + Cov61 + Var6 + Cov37 + 
    Cov35 + Var4 + Var3 + Var7 + Cov1 + Mean5
