MSEs <-
c(120.612352933778, 114.341693747119, 109.637849181229, 105.981385676691, 
103.356527120918, 102.062654120613, 99.3791626898993, 98.8183165421964, 
98.2382468177767, 97.6092225882649, 96.9324530578183, 96.407428704165, 
95.9098747786536, 95.5797434836676, 95.3201109890231, 95.125570380643, 
94.840358894258, 94.7841723591399, 94.6243134823434, 94.4191102048902, 
94.2391716258156, 94.0352143335164, 94.0016020312707, 93.9471875664691, 
93.9704903915423, 93.759575898655, 93.6789141527421, 93.5293673279041, 
93.3437450224954, 93.2599062975889, 93.1578440795041, 93.1558463707902, 
93.0261704785298, 93.0260785662193, 92.9943735214749, 92.926045417545, 
92.9006440089861, 92.8787929262866, 92.8594362866407, 92.8023000088047, 
92.7744462927719, 92.7858738912922, 92.7501262600225, 92.7060195309718, 
92.6404379411498, 92.6042906024894, 92.5404090890593, 92.5455548956212, 
92.5389392579048, 92.5118095610024, 92.4846762102917, 92.4630543032223, 
92.4608092035434, 92.4884251948643, 92.4695096087756, 92.4732311696567, 
92.471195045236, 92.4208114243418, 92.4291722516833, 92.4275753576215, 
92.4133482374419, 92.4206997496024, 92.4622848900912, 92.4769264971545, 
92.4925573094741, 92.4962930825615, 92.5257057764136, 92.5233616734751, 
92.5197238137441, 92.5038076606689, 92.5016385886808, 92.5003265223934, 
92.5014041916341, 92.4904080205219, 92.4949565996541, 92.497027177226, 
92.4992959934878, 92.498914561959, 92.4898757432342, 92.4909811155766, 
92.491398122265, 92.5042517405085, 92.5026365798013, 92.4952616802373, 
92.4924670359203, 92.4888021094335, 92.4903785557321, 92.4910034320319, 
92.4912239355907, 92.491578540134, 92.4916796931566)
Times <-
c(0.00999999999999979, 0.389999999999999, 0.4, 0.5, 0.56, 0.630000000000001, 
0.700000000000001, 0.75, 0.830000000000002, 0.870000000000001, 
1.08, 1.14, 1.28, 1.39, 1.45, 1.53, 1.59, 1.75, 2.07, 2.13, 2.41, 
2.32, 2.3, 2.36, 2.5, 2.61, 2.73, 2.88, 3.06, 3.1, 3.17, 3.33, 
3.38999999999999, 3.5, 3.64999999999999, 3.72, 3.84999999999999, 
3.94, 4.03, 4.14999999999999, 4.22, 4.31, 4.46000000000001, 4.47999999999999, 
4.61, 4.64, 4.72999999999999, 4.83000000000001, 4.85999999999999, 
4.91999999999999, 4.98999999999998, 5.06, 5.13, 5.14000000000001, 
5.17000000000002, 5.23999999999998, 5.19999999999999, 5.28, 5.26000000000002, 
5.31, 5.29999999999998, 5.28, 5.28, 5.25, 5.22, 5.22999999999999, 
5.13999999999999, 5.10999999999999, 5.02000000000001, 4.94, 4.92000000000002, 
4.78, 4.69, 4.58999999999997, 4.5, 4.36000000000001, 4.28000000000003, 
4.09000000000003, 3.94999999999999, 3.75999999999999, 3.59000000000003, 
3.40000000000003, 3.23000000000002, 3.01999999999998, 2.79999999999995, 
2.66000000000003, 2.31999999999999, 2.08000000000004, 1.82999999999998, 
1.52999999999997, 1.25)
formulaFsCv <-
Y ~ 1 + Mean1 + Var2 + Mean3 + Mean2 + Mean6 + Var11 + Cov17 + 
    Cov33 + Cov3 + Var8 + Var1 + Cov12 + Cov54 + Var4 + Cov61 + 
    Cov24 + Cov35 + Var7 + Cov40 + Mean11 + Cov1 + Var6 + Cov64 + 
    Mean8 + Mean9 + Var3 + Cov16 + Cov34 + Cov14 + Mean5 + Cov63 + 
    Cov45 + Cov29 + Cov65 + Cov15 + Cov50 + Cov26 + Cov52 + Cov47 + 
    Cov48 + Cov18 + Cov9 + Cov11 + Cov51 + Cov23 + Cov41 + Cov44 + 
    Cov49 + Cov22 + Cov39 + Cov46 + Cov10 + Cov62 + Var5 + Cov38 + 
    Cov60 + Var12 + Cov32 + Cov28 + Mean10
formulaFsSeqCv <-
Y ~ 1 + Mean1 + Var2 + Mean3 + Mean2 + Mean6 + Var11 + Cov17 + 
    Cov33 + Cov3 + Var8 + Var1 + Cov12 + Cov54 + Var4 + Cov61 + 
    Cov24 + Cov35 + Var7 + Cov40 + Mean11 + Cov1 + Var6 + Cov64
