SimData <-
structure(list(nrSims = c(400L, 400L, 400L, 400L, 400L, 400L, 
400L, 400L, 400L, 400L, 400L, 400L, 400L, 400L, 400L, 400L, 400L, 
400L, 400L, 400L, 400L, 400L, 400L, 400L, 400L, 400L, 400L, 400L, 
400L, 400L, 400L, 400L, 400L, 400L, 400L, 400L, 400L, 400L, 400L, 
400L, 400L, 400L, 400L, 400L, 400L, 400L, 400L, 400L, 400L, 400L, 
400L, 400L, 400L, 400L, 400L, 400L, 400L, 400L, 400L, 400L, 400L, 
400L, 400L, 400L, 400L, 400L, 400L, 400L, 400L, 400L, 400L, 400L, 
400L, 400L, 400L, 400L, 400L, 400L, 400L, 400L, 400L, 400L, 400L, 
400L, 400L, 400L, 400L, 400L, 400L, 400L, 400L, 400L, 400L, 400L, 
400L, 400L, 400L, 400L, 400L, 400L, 400L, 400L, 400L, 400L, 400L, 
400L, 400L, 400L, 400L, 400L, 400L, 400L, 400L, 400L, 400L, 400L, 
400L, 400L, 400L, 400L, 400L, 400L, 400L, 400L, 400L, 400L, 400L, 
400L, 400L, 400L, 400L, 400L, 400L, 400L, 400L, 400L, 400L, 400L, 
400L, 400L, 400L, 400L, 400L, 400L, 400L, 400L, 400L, 400L, 400L, 
400L, 400L, 400L, 400L, 400L, 400L, 400L, 400L, 400L, 400L, 400L, 
400L, 400L, 400L, 400L, 400L, 400L, 400L, 400L, 400L, 400L, 400L, 
400L, 400L, 400L, 400L, 400L, 400L, 400L, 400L, 400L, 400L, 400L, 
400L, 400L, 400L, 400L, 400L, 400L, 400L, 400L, 400L, 400L, 400L, 
400L, 400L, 400L, 400L, 400L, 400L, 400L, 400L, 400L, 400L, 400L, 
400L, 400L, 400L, 400L, 400L, 400L, 400L, 400L, 400L, 400L, 400L, 
400L, 400L, 400L, 400L, 400L, 400L, 400L, 400L, 400L, 400L, 400L, 
400L, 400L, 400L, 400L, 400L, 400L, 400L, 400L, 400L, 400L, 400L, 
400L, 400L, 400L, 400L, 400L, 400L, 400L, 400L, 400L, 400L, 400L, 
400L, 400L, 400L, 400L, 400L, 400L, 400L, 400L, 400L, 400L, 400L, 
400L, 400L, 400L, 400L, 400L, 400L, 400L, 400L, 400L, 400L, 400L, 
400L, 400L, 400L, 400L, 400L, 400L, 400L, 400L, 400L, 400L, 400L, 
400L, 400L, 400L, 400L, 400L, 400L, 400L, 400L, 400L, 400L, 400L, 
400L, 400L, 400L, 400L, 400L, 400L, 400L, 400L), p = c(250L, 
250L, 250L, 250L, 250L, 250L, 250L, 250L, 250L, 250L, 250L, 250L, 
250L, 250L, 250L, 250L, 250L, 250L, 250L, 250L, 250L, 250L, 250L, 
250L, 250L, 1250L, 1250L, 1250L, 1250L, 1250L, 1250L, 1250L, 
1250L, 1250L, 1250L, 1250L, 1250L, 1250L, 1250L, 1250L, 1250L, 
1250L, 1250L, 1250L, 1250L, 1250L, 1250L, 1250L, 1250L, 1250L, 
250L, 250L, 250L, 250L, 250L, 250L, 250L, 250L, 250L, 250L, 250L, 
250L, 250L, 250L, 250L, 250L, 250L, 250L, 250L, 250L, 250L, 250L, 
250L, 250L, 250L, 1250L, 1250L, 1250L, 1250L, 1250L, 1250L, 1250L, 
1250L, 1250L, 1250L, 1250L, 1250L, 1250L, 1250L, 1250L, 1250L, 
1250L, 1250L, 1250L, 1250L, 1250L, 1250L, 1250L, 1250L, 1250L, 
250L, 250L, 250L, 250L, 250L, 250L, 250L, 250L, 250L, 250L, 250L, 
250L, 250L, 250L, 250L, 250L, 250L, 250L, 250L, 250L, 250L, 250L, 
250L, 250L, 250L, 1250L, 1250L, 1250L, 1250L, 1250L, 1250L, 1250L, 
1250L, 1250L, 1250L, 1250L, 1250L, 1250L, 1250L, 1250L, 1250L, 
1250L, 1250L, 1250L, 1250L, 1250L, 1250L, 1250L, 1250L, 1250L, 
250L, 250L, 250L, 250L, 250L, 250L, 250L, 250L, 250L, 250L, 250L, 
250L, 250L, 250L, 250L, 250L, 250L, 250L, 250L, 250L, 250L, 250L, 
250L, 250L, 250L, 1250L, 1250L, 1250L, 1250L, 1250L, 1250L, 1250L, 
1250L, 1250L, 1250L, 1250L, 1250L, 1250L, 1250L, 1250L, 1250L, 
1250L, 1250L, 1250L, 1250L, 1250L, 1250L, 1250L, 1250L, 1250L, 
250L, 250L, 250L, 250L, 250L, 250L, 250L, 250L, 250L, 250L, 250L, 
250L, 250L, 250L, 250L, 250L, 250L, 250L, 250L, 250L, 250L, 250L, 
250L, 250L, 250L, 1250L, 1250L, 1250L, 1250L, 1250L, 1250L, 1250L, 
1250L, 1250L, 1250L, 1250L, 1250L, 1250L, 1250L, 1250L, 1250L, 
1250L, 1250L, 1250L, 1250L, 1250L, 1250L, 1250L, 1250L, 1250L, 
250L, 250L, 250L, 250L, 250L, 250L, 250L, 250L, 250L, 250L, 250L, 
250L, 250L, 250L, 250L, 250L, 250L, 250L, 250L, 250L, 250L, 250L, 
250L, 250L, 250L, 1250L, 1250L, 1250L, 1250L, 1250L, 1250L, 1250L, 
1250L, 1250L, 1250L, 1250L, 1250L, 1250L, 1250L, 1250L, 1250L, 
1250L, 1250L, 1250L, 1250L, 1250L, 1250L, 1250L, 1250L, 1250L
), n = c(250L, 250L, 250L, 250L, 250L, 250L, 250L, 250L, 250L, 
250L, 250L, 250L, 250L, 250L, 250L, 250L, 250L, 250L, 250L, 250L, 
250L, 250L, 250L, 250L, 250L, 6250L, 6250L, 6250L, 6250L, 6250L, 
6250L, 6250L, 6250L, 6250L, 6250L, 6250L, 6250L, 6250L, 6250L, 
6250L, 6250L, 6250L, 6250L, 6250L, 6250L, 6250L, 6250L, 6250L, 
6250L, 6250L, 1250L, 1250L, 1250L, 1250L, 1250L, 1250L, 1250L, 
1250L, 1250L, 1250L, 1250L, 1250L, 1250L, 1250L, 1250L, 1250L, 
1250L, 1250L, 1250L, 1250L, 1250L, 1250L, 1250L, 1250L, 1250L, 
1250L, 1250L, 1250L, 1250L, 1250L, 1250L, 1250L, 1250L, 1250L, 
1250L, 1250L, 1250L, 1250L, 1250L, 1250L, 1250L, 1250L, 1250L, 
1250L, 1250L, 1250L, 1250L, 1250L, 1250L, 1250L, 6250L, 6250L, 
6250L, 6250L, 6250L, 6250L, 6250L, 6250L, 6250L, 6250L, 6250L, 
6250L, 6250L, 6250L, 6250L, 6250L, 6250L, 6250L, 6250L, 6250L, 
6250L, 6250L, 6250L, 6250L, 6250L, 250L, 250L, 250L, 250L, 250L, 
250L, 250L, 250L, 250L, 250L, 250L, 250L, 250L, 250L, 250L, 250L, 
250L, 250L, 250L, 250L, 250L, 250L, 250L, 250L, 250L, 250L, 250L, 
250L, 250L, 250L, 250L, 250L, 250L, 250L, 250L, 250L, 250L, 250L, 
250L, 250L, 250L, 250L, 250L, 250L, 250L, 250L, 250L, 250L, 250L, 
250L, 6250L, 6250L, 6250L, 6250L, 6250L, 6250L, 6250L, 6250L, 
6250L, 6250L, 6250L, 6250L, 6250L, 6250L, 6250L, 6250L, 6250L, 
6250L, 6250L, 6250L, 6250L, 6250L, 6250L, 6250L, 6250L, 1250L, 
1250L, 1250L, 1250L, 1250L, 1250L, 1250L, 1250L, 1250L, 1250L, 
1250L, 1250L, 1250L, 1250L, 1250L, 1250L, 1250L, 1250L, 1250L, 
1250L, 1250L, 1250L, 1250L, 1250L, 1250L, 1250L, 1250L, 1250L, 
1250L, 1250L, 1250L, 1250L, 1250L, 1250L, 1250L, 1250L, 1250L, 
1250L, 1250L, 1250L, 1250L, 1250L, 1250L, 1250L, 1250L, 1250L, 
1250L, 1250L, 1250L, 1250L, 6250L, 6250L, 6250L, 6250L, 6250L, 
6250L, 6250L, 6250L, 6250L, 6250L, 6250L, 6250L, 6250L, 6250L, 
6250L, 6250L, 6250L, 6250L, 6250L, 6250L, 6250L, 6250L, 6250L, 
6250L, 6250L, 250L, 250L, 250L, 250L, 250L, 250L, 250L, 250L, 
250L, 250L, 250L, 250L, 250L, 250L, 250L, 250L, 250L, 250L, 250L, 
250L, 250L, 250L, 250L, 250L, 250L), K = c(125L, 125L, 125L, 
125L, 125L, 125L, 125L, 125L, 125L, 125L, 125L, 125L, 125L, 125L, 
125L, 125L, 125L, 125L, 125L, 125L, 125L, 125L, 125L, 125L, 125L, 
125L, 125L, 125L, 125L, 125L, 125L, 125L, 125L, 125L, 125L, 125L, 
125L, 125L, 125L, 125L, 125L, 125L, 125L, 125L, 125L, 125L, 125L, 
125L, 125L, 125L, 125L, 125L, 125L, 125L, 125L, 125L, 125L, 125L, 
125L, 125L, 125L, 125L, 125L, 125L, 125L, 125L, 125L, 125L, 125L, 
125L, 125L, 125L, 125L, 125L, 125L, 125L, 125L, 125L, 125L, 125L, 
125L, 125L, 125L, 125L, 125L, 125L, 125L, 125L, 125L, 125L, 125L, 
125L, 125L, 125L, 125L, 125L, 125L, 125L, 125L, 125L, 125L, 125L, 
125L, 125L, 125L, 125L, 125L, 125L, 125L, 125L, 125L, 125L, 125L, 
125L, 125L, 125L, 125L, 125L, 125L, 125L, 125L, 125L, 125L, 125L, 
125L, 125L, 125L, 125L, 125L, 125L, 125L, 125L, 125L, 125L, 125L, 
125L, 125L, 125L, 125L, 125L, 125L, 125L, 125L, 125L, 125L, 125L, 
125L, 125L, 125L, 125L, 125L, 125L, 125L, 125L, 125L, 125L, 125L, 
125L, 125L, 125L, 125L, 125L, 125L, 125L, 125L, 125L, 125L, 125L, 
125L, 125L, 125L, 125L, 125L, 125L, 125L, 125L, 125L, 125L, 125L, 
125L, 125L, 125L, 125L, 125L, 125L, 125L, 125L, 125L, 125L, 125L, 
125L, 125L, 125L, 125L, 125L, 125L, 125L, 125L, 125L, 125L, 125L, 
125L, 125L, 125L, 125L, 125L, 125L, 125L, 125L, 125L, 125L, 125L, 
125L, 125L, 125L, 125L, 125L, 125L, 125L, 125L, 125L, 125L, 125L, 
125L, 125L, 125L, 125L, 125L, 125L, 125L, 125L, 125L, 125L, 125L, 
125L, 125L, 125L, 125L, 125L, 125L, 125L, 125L, 125L, 125L, 125L, 
125L, 125L, 125L, 125L, 125L, 125L, 125L, 125L, 125L, 125L, 125L, 
125L, 125L, 125L, 125L, 125L, 125L, 125L, 125L, 125L, 125L, 125L, 
125L, 125L, 125L, 125L, 125L, 125L, 125L, 125L, 125L, 125L, 125L, 
125L, 125L, 125L, 125L, 125L, 125L, 125L, 125L, 125L, 125L, 125L, 
125L, 125L, 125L, 125L, 125L, 125L, 125L, 125L, 125L, 125L, 125L
),