SimData <-
structure(list(nrSims = c(400L, 400L, 400L, 400L, 400L, 400L, 
400L, 400L, 400L, 400L, 400L, 400L, 400L, 400L, 400L, 400L, 400L, 
400L, 400L, 400L, 400L, 400L, 400L, 400L, 400L, 400L, 400L, 400L, 
400L, 400L, 400L, 400L, 400L, 400L, 400L, 400L, 400L, 400L, 400L, 
400L, 400L, 400L, 400L, 400L, 400L, 400L, 400L, 400L, 400L, 400L, 
400L, 400L, 400L, 400L, 400L, 400L, 400L, 400L, 400L, 400L, 400L, 
400L, 400L, 400L, 400L, 400L, 400L, 400L, 400L, 400L, 400L, 400L, 
400L, 400L, 400L, 400L, 400L, 400L, 400L, 400L, 400L, 400L, 400L, 
400L, 400L, 400L, 400L, 400L, 400L, 400L, 400L, 400L, 400L, 400L, 
400L, 400L, 400L, 400L, 400L, 400L, 400L, 400L, 400L, 400L, 400L, 
400L, 400L, 400L, 400L, 400L, 400L, 400L, 400L, 400L, 400L, 400L, 
400L, 400L, 400L, 400L, 400L, 400L, 400L, 400L, 400L, 400L, 400L, 
400L, 400L, 400L, 400L, 400L, 400L, 400L, 400L, 400L, 400L, 400L, 
400L, 400L, 400L, 400L, 400L, 400L, 400L, 400L, 400L, 400L, 400L, 
400L, 400L, 400L, 400L, 400L, 400L, 400L, 400L, 400L, 400L, 400L, 
400L, 400L, 400L, 400L, 400L, 400L, 400L, 400L, 400L, 400L, 400L, 
400L, 400L, 400L, 400L, 400L, 400L, 400L, 400L, 400L, 400L, 400L, 
400L, 400L, 400L, 400L, 400L, 400L, 400L, 400L, 400L, 400L, 400L, 
400L, 400L, 400L, 400L, 400L, 400L, 400L, 400L, 400L, 400L, 400L, 
400L, 400L, 400L, 400L, 400L, 400L, 400L, 400L, 400L, 400L, 400L, 
400L, 400L, 400L, 400L, 400L, 400L, 400L, 400L, 400L, 400L, 400L, 
400L, 400L, 400L, 400L, 400L, 400L, 400L, 400L, 400L, 400L, 400L, 
400L, 400L, 400L, 400L, 400L, 400L, 400L, 400L, 400L, 400L, 400L, 
400L, 400L, 400L, 400L, 400L, 400L, 400L, 400L, 400L, 400L, 400L, 
400L, 400L, 400L, 400L, 400L, 400L, 400L, 400L, 400L, 400L, 400L, 
400L, 400L, 400L, 400L, 400L, 400L, 400L, 400L, 400L, 400L, 400L, 
400L, 400L, 400L, 400L, 400L, 400L, 400L, 400L, 400L, 400L, 400L, 
400L, 400L, 400L, 400L, 400L, 400L, 400L, 400L, 400L, 400L, 400L, 
400L, 400L, 400L, 400L, 400L, 400L, 400L, 400L, 400L, 400L, 400L, 
400L, 400L, 400L, 400L, 400L, 400L, 400L, 400L, 400L, 400L, 400L, 
400L, 400L, 400L, 400L, 400L, 400L, 400L, 400L, 400L, 400L, 400L, 
400L, 400L, 400L, 400L, 400L, 400L, 400L, 400L, 400L, 400L, 400L, 
400L, 400L, 400L, 400L, 400L, 400L, 400L, 400L, 400L, 400L, 400L, 
400L, 400L, 400L, 400L, 400L, 400L, 400L, 400L, 400L, 400L, 400L, 
400L, 400L, 400L, 400L, 400L, 400L, 400L, 400L, 400L, 400L, 400L, 
400L, 400L, 400L, 400L, 400L, 400L, 400L, 400L, 400L, 400L, 400L, 
400L, 400L, 400L, 400L, 400L, 400L, 400L, 400L, 400L, 400L, 400L, 
400L, 400L, 400L, 400L, 400L, 400L, 400L, 400L, 400L, 400L, 400L, 
400L, 400L, 400L, 400L, 400L, 400L, 400L, 400L, 400L, 400L, 400L, 
400L, 400L, 400L, 400L, 400L, 400L, 400L, 400L, 400L, 400L, 400L, 
400L, 400L, 400L, 400L, 400L, 400L, 400L, 400L, 400L, 400L, 400L, 
400L, 400L, 400L, 400L, 400L, 400L, 400L, 400L, 400L, 400L, 400L, 
400L, 400L, 400L, 400L, 400L, 400L, 400L, 400L, 400L, 400L, 400L, 
400L, 400L, 400L, 400L, 400L, 400L, 400L, 400L, 400L, 400L, 400L, 
400L, 400L, 400L, 400L, 400L, 400L, 400L, 400L, 400L, 400L, 400L, 
400L, 400L, 400L, 400L, 400L, 400L, 400L, 400L, 400L, 400L, 400L, 
400L, 400L, 400L, 400L, 400L, 400L, 400L, 400L, 400L, 400L, 400L, 
400L, 400L, 400L, 400L, 400L, 400L, 400L, 400L, 400L, 400L, 400L, 
400L, 400L, 400L, 400L, 400L, 400L, 400L, 400L, 400L, 400L, 400L, 
400L, 400L, 400L, 400L, 400L, 400L, 400L, 400L, 400L, 400L, 400L, 
400L, 400L, 400L, 400L, 400L, 400L, 400L, 400L, 400L, 400L, 400L, 
400L, 400L, 400L, 400L, 400L, 400L, 400L, 400L, 400L, 400L, 400L, 
400L, 400L, 400L, 400L, 400L, 400L, 400L, 400L, 400L, 400L, 400L, 
400L, 400L, 400L, 400L, 400L, 400L, 400L, 400L, 400L, 400L, 400L, 
400L, 400L, 400L, 400L, 400L, 400L, 400L, 400L, 400L, 400L, 400L
), n = c(50L, 50L, 50L, 50L, 50L, 50L, 50L, 50L, 50L, 50L, 50L, 
50L, 50L, 50L, 50L, 50L, 50L, 50L, 50L, 50L, 50L, 50L, 50L, 50L, 
50L, 250L, 250L, 250L, 250L, 250L, 250L, 250L, 250L, 250L, 250L, 
250L, 250L, 250L, 250L, 250L, 250L, 250L, 250L, 250L, 250L, 250L, 
250L, 250L, 250L, 250L, 1250L, 1250L, 1250L, 1250L, 1250L, 1250L, 
1250L, 1250L, 1250L, 1250L, 1250L, 1250L, 1250L, 1250L, 1250L, 
1250L, 1250L, 1250L, 1250L, 1250L, 1250L, 1250L, 1250L, 1250L, 
1250L, 6250L, 6250L, 6250L, 6250L, 6250L, 6250L, 6250L, 6250L, 
6250L, 6250L, 6250L, 6250L, 6250L, 6250L, 6250L, 6250L, 6250L, 
6250L, 6250L, 6250L, 6250L, 6250L, 6250L, 6250L, 6250L, 50L, 
50L, 50L, 50L, 50L, 50L, 50L, 50L, 50L, 50L, 50L, 50L, 50L, 50L, 
50L, 50L, 50L, 50L, 50L, 50L, 50L, 50L, 50L, 50L, 50L, 250L, 
250L, 250L, 250L, 250L, 250L, 250L, 250L, 250L, 250L, 250L, 250L, 
250L, 250L, 250L, 250L, 250L, 250L, 250L, 250L, 250L, 250L, 250L, 
250L, 250L, 1250L, 1250L, 1250L, 1250L, 1250L, 1250L, 1250L, 
1250L, 1250L, 1250L, 1250L, 1250L, 1250L, 1250L, 1250L, 1250L, 
1250L, 1250L, 1250L, 1250L, 1250L, 1250L, 1250L, 1250L, 1250L, 
6250L, 6250L, 6250L, 6250L, 6250L, 6250L, 6250L, 6250L, 6250L, 
6250L, 6250L, 6250L, 6250L, 6250L, 6250L, 6250L, 6250L, 6250L, 
6250L, 6250L, 6250L, 6250L, 6250L, 6250L, 6250L, 50L, 50L, 50L, 
50L, 50L, 50L, 50L, 50L, 50L, 50L, 50L, 50L, 50L, 50L, 50L, 50L, 
50L, 50L, 50L, 50L, 50L, 50L, 50L, 50L, 50L, 250L, 250L, 250L, 
250L, 250L, 250L, 250L, 250L, 250L, 250L, 250L, 250L, 250L, 250L, 
250L, 250L, 250L, 250L, 250L, 250L, 250L, 250L, 250L, 250L, 250L, 
1250L, 1250L, 1250L, 1250L, 1250L, 1250L, 1250L, 1250L, 1250L, 
1250L, 1250L, 1250L, 1250L, 1250L, 1250L, 1250L, 1250L, 1250L, 
1250L, 1250L, 1250L, 1250L, 1250L, 1250L, 1250L, 6250L, 6250L, 
6250L, 6250L, 6250L, 6250L, 6250L, 6250L, 6250L, 6250L, 6250L, 
6250L, 6250L, 6250L, 6250L, 6250L, 6250L, 6250L, 6250L, 6250L, 
6250L, 6250L, 6250L, 6250L, 6250L, 50L, 50L, 50L, 50L, 50L, 50L, 
50L, 50L, 50L, 50L, 50L, 50L, 50L, 50L, 50L, 50L, 50L, 50L, 50L, 
50L, 50L, 50L, 50L, 50L, 50L, 250L, 250L, 250L, 250L, 250L, 250L, 
250L, 250L, 250L, 250L, 250L, 250L, 250L, 250L, 250L, 250L, 250L, 
250L, 250L, 250L, 250L, 250L, 250L, 250L, 250L, 1250L, 1250L, 
1250L, 1250L, 1250L, 1250L, 1250L, 1250L, 1250L, 1250L, 1250L, 
1250L, 1250L, 1250L, 1250L, 1250L, 1250L, 1250L, 1250L, 1250L, 
1250L, 1250L, 1250L, 1250L, 1250L, 6250L, 6250L, 6250L, 6250L, 
6250L, 6250L, 6250L, 6250L, 6250L, 6250L, 6250L, 6250L, 6250L, 
6250L, 6250L, 6250L, 6250L, 6250L, 6250L, 6250L, 6250L, 6250L, 
6250L, 6250L, 6250L, 50L, 50L, 50L, 50L, 50L, 50L, 50L, 50L, 
50L, 50L, 50L, 50L, 50L, 50L, 50L, 50L, 50L, 50L, 50L, 50L, 50L, 
50L, 50L, 50L, 50L, 250L, 250L, 250L, 250L, 250L, 250L, 250L, 
250L, 250L, 250L, 250L, 250L, 250L, 250L, 250L, 250L, 250L, 250L, 
250L, 250L, 250L, 250L, 250L, 250L, 250L, 1250L, 1250L, 1250L, 
1250L, 1250L, 1250L, 1250L, 1250L, 1250L, 1250L, 1250L, 1250L, 
1250L, 1250L, 1250L, 1250L, 1250L, 1250L, 1250L, 1250L, 1250L, 
1250L, 1250L, 1250L, 1250L, 6250L, 6250L, 6250L, 6250L, 6250L, 
6250L, 6250L, 6250L, 6250L, 6250L, 6250L, 6250L, 6250L, 6250L, 
6250L, 6250L, 6250L, 6250L, 6250L, 6250L, 6250L, 6250L, 6250L, 
6250L, 6250L, 50L, 50L, 50L, 50L, 50L, 50L, 50L, 50L, 50L, 50L, 
50L, 50L, 50L, 50L, 50L, 50L, 50L, 50L, 50L, 50L, 50L, 50L, 50L, 
50L, 50L, 250L, 250L, 250L, 250L, 250L, 250L, 250L, 250L, 250L, 
250L, 250L, 250L, 250L, 250L, 250L, 250L, 250L, 250L, 250L, 250L, 
250L, 250L, 250L, 250L, 250L, 1250L, 1250L, 1250L, 1250L, 1250L, 
1250L, 1250L, 1250L, 1250L, 1250L, 1250L, 1250L, 1250L, 1250L, 
1250L, 1250L, 1250L, 1250L, 1250L, 1250L, 1250L, 1250L, 1250L, 
1250L, 1250L, 6250L, 6250L, 6250L, 6250L, 6250L, 6250L, 6250L, 
6250L, 6250L, 6250L, 6250L, 6250L, 6250L, 6250L, 6250L, 6250L, 
6250L, 6250L, 6250L, 6250L, 6250L, 6250L, 6250L, 6250L, 6250L
),