SimData <-
structure(list(nrSims = c(400L, 400L, 400L, 400L, 400L, 400L, 
400L, 400L, 400L, 400L, 400L, 400L, 400L, 400L, 400L, 400L, 400L, 
400L, 400L, 400L, 400L, 400L, 400L, 400L, 400L, 400L, 400L, 400L, 
400L, 400L, 400L, 400L, 400L, 400L, 400L, 400L, 400L, 400L, 400L, 
400L, 400L, 400L, 400L, 400L, 400L, 400L, 400L, 400L, 400L, 400L, 
400L, 400L, 400L, 400L, 400L, 400L, 400L, 400L, 400L, 400L, 400L, 
400L, 400L, 400L, 400L, 400L, 400L, 400L, 400L, 400L, 400L, 400L, 
400L, 400L, 400L, 400L, 400L, 400L, 400L, 400L, 400L, 400L, 400L, 
400L, 400L, 400L, 400L, 400L, 400L, 400L, 400L, 400L, 400L, 400L, 
400L, 400L, 400L, 400L, 400L, 400L, 400L, 400L, 400L, 400L, 400L, 
400L, 400L, 400L, 400L, 400L, 400L, 400L, 400L, 400L, 400L, 400L, 
400L, 400L, 400L, 400L, 400L, 400L, 400L, 400L, 400L, 400L, 400L, 
400L, 400L, 400L, 400L, 400L, 400L, 400L, 400L, 400L, 400L, 400L, 
400L, 400L, 400L, 400L, 400L, 400L, 400L, 400L, 400L, 400L, 400L, 
400L, 400L, 400L, 400L, 400L, 400L, 400L, 400L, 400L, 400L, 400L, 
400L, 400L, 400L, 400L, 400L, 400L, 400L, 400L, 400L, 400L, 400L, 
400L, 400L, 400L, 400L, 400L, 400L, 400L, 400L, 400L, 400L, 400L, 
400L, 400L, 400L, 400L, 400L, 400L, 400L, 400L, 400L, 400L, 400L, 
400L, 400L, 400L, 400L, 400L, 400L, 400L, 400L, 400L, 400L, 400L, 
400L, 400L, 400L, 400L, 400L, 400L, 400L, 400L, 400L, 400L, 400L, 
400L, 400L, 400L, 400L, 400L, 400L, 400L, 400L, 400L, 400L, 400L, 
400L, 400L, 400L, 400L, 400L, 400L, 400L, 400L, 400L, 400L, 400L, 
400L, 400L, 400L, 400L, 400L, 400L, 400L, 400L, 400L, 400L, 400L, 
400L, 400L, 400L, 400L, 400L, 400L, 400L, 400L, 400L, 400L, 400L, 
400L, 400L, 400L, 400L, 400L, 400L, 400L, 400L, 400L, 400L, 400L, 
400L, 400L, 400L, 400L, 400L, 400L, 400L, 400L, 400L, 400L, 400L, 
400L, 400L, 400L, 400L, 400L, 400L, 400L, 400L, 400L, 400L, 400L, 
400L, 400L, 400L, 400L, 400L, 400L, 400L, 400L, 400L, 400L, 400L, 
400L, 400L, 400L, 400L, 400L, 400L, 400L, 400L, 400L, 400L, 400L, 
400L, 400L, 400L, 400L, 400L, 400L, 400L, 400L, 400L, 400L, 400L, 
400L, 400L, 400L, 400L, 400L, 400L, 400L, 400L, 400L, 400L, 400L, 
400L, 400L, 400L, 400L, 400L, 400L, 400L, 400L, 400L, 400L, 400L, 
400L, 400L, 400L, 400L, 400L, 400L, 400L, 400L, 400L, 400L, 400L, 
400L, 400L, 400L, 400L, 400L, 400L, 400L, 400L, 400L, 400L, 400L, 
400L, 400L, 400L, 400L, 400L, 400L, 400L, 400L, 400L, 400L, 400L, 
400L, 400L, 400L, 400L, 400L, 400L, 400L, 400L, 400L, 400L, 400L, 
400L, 400L, 400L, 400L, 400L, 400L, 400L, 400L, 400L, 400L, 400L, 
400L, 400L, 400L, 400L, 400L, 400L, 400L, 400L, 400L, 400L, 400L, 
400L, 400L, 400L, 400L, 400L, 400L, 400L, 400L, 400L, 400L, 400L, 
400L, 400L, 400L, 400L, 400L, 400L, 400L, 400L, 400L, 400L, 400L, 
400L, 400L, 400L, 400L, 400L, 400L, 400L, 400L, 400L, 400L, 400L, 
400L, 400L, 400L, 400L), p = c(10L, 10L, 10L, 10L, 10L, 10L, 
10L, 10L, 10L, 10L, 10L, 10L, 10L, 10L, 10L, 10L, 10L, 10L, 10L, 
10L, 10L, 10L, 10L, 10L, 10L, 10L, 10L, 10L, 10L, 10L, 10L, 10L, 
10L, 10L, 10L, 10L, 10L, 10L, 10L, 10L, 10L, 10L, 10L, 10L, 10L, 
10L, 10L, 10L, 10L, 10L, 1250L, 1250L, 1250L, 1250L, 1250L, 1250L, 
1250L, 1250L, 1250L, 1250L, 1250L, 1250L, 1250L, 1250L, 1250L, 
1250L, 1250L, 1250L, 1250L, 1250L, 1250L, 1250L, 1250L, 1250L, 
1250L, 10L, 10L, 10L, 10L, 10L, 10L, 10L, 10L, 10L, 10L, 10L, 
10L, 10L, 10L, 10L, 10L, 10L, 10L, 10L, 10L, 10L, 10L, 10L, 10L, 
10L, 1250L, 1250L, 1250L, 1250L, 1250L, 1250L, 1250L, 1250L, 
1250L, 1250L, 1250L, 1250L, 1250L, 1250L, 1250L, 1250L, 1250L, 
1250L, 1250L, 1250L, 1250L, 1250L, 1250L, 1250L, 1250L, 1250L, 
1250L, 1250L, 1250L, 1250L, 1250L, 1250L, 1250L, 1250L, 1250L, 
1250L, 1250L, 1250L, 1250L, 1250L, 1250L, 1250L, 1250L, 1250L, 
1250L, 1250L, 1250L, 1250L, 1250L, 1250L, 1250L, 1250L, 1250L, 
1250L, 1250L, 1250L, 1250L, 1250L, 1250L, 1250L, 1250L, 1250L, 
1250L, 1250L, 1250L, 1250L, 1250L, 1250L, 1250L, 1250L, 1250L, 
1250L, 1250L, 1250L, 1250L, 10L, 10L, 10L, 10L, 10L, 10L, 10L, 
10L, 10L, 10L, 10L, 10L, 10L, 10L, 10L, 10L, 10L, 10L, 10L, 10L, 
10L, 10L, 10L, 10L, 10L, 10L, 10L, 10L, 10L, 10L, 10L, 10L, 10L, 
10L, 10L, 10L, 10L, 10L, 10L, 10L, 10L, 10L, 10L, 10L, 10L, 10L, 
10L, 10L, 10L, 10L, 10L, 10L, 10L, 10L, 10L, 10L, 10L, 10L, 10L, 
10L, 10L, 10L, 10L, 10L, 10L, 10L, 10L, 10L, 10L, 10L, 10L, 10L, 
10L, 10L, 10L, 10L, 10L, 10L, 10L, 10L, 10L, 10L, 10L, 10L, 10L, 
10L, 10L, 10L, 10L, 10L, 10L, 10L, 10L, 10L, 10L, 10L, 10L, 10L, 
10L, 10L, 1250L, 1250L, 1250L, 1250L, 1250L, 1250L, 1250L, 1250L, 
1250L, 1250L, 1250L, 1250L, 1250L, 1250L, 1250L, 1250L, 1250L, 
1250L, 1250L, 1250L, 1250L, 1250L, 1250L, 1250L, 1250L, 10L, 
10L, 10L, 10L, 10L, 10L, 10L, 10L, 10L, 10L, 10L, 10L, 10L, 10L, 
10L, 10L, 10L, 10L, 10L, 10L, 10L, 10L, 10L, 10L, 10L, 1250L, 
1250L, 1250L, 1250L, 1250L, 1250L, 1250L, 1250L, 1250L, 1250L, 
1250L, 1250L, 1250L, 1250L, 1250L, 1250L, 1250L, 1250L, 1250L, 
1250L, 1250L, 1250L, 1250L, 1250L, 1250L, 1250L, 1250L, 1250L, 
1250L, 1250L, 1250L, 1250L, 1250L, 1250L, 1250L, 1250L, 1250L, 
1250L, 1250L, 1250L, 1250L, 1250L, 1250L, 1250L, 1250L, 1250L, 
1250L, 1250L, 1250L, 1250L, 1250L, 1250L, 1250L, 1250L, 1250L, 
1250L, 1250L, 1250L, 1250L, 1250L, 1250L, 1250L, 1250L, 1250L, 
1250L, 1250L, 1250L, 1250L, 1250L, 1250L, 1250L, 1250L, 1250L, 
1250L, 1250L, 10L, 10L, 10L, 10L, 10L, 10L, 10L, 10L, 10L, 10L, 
10L, 10L, 10L, 10L, 10L, 10L, 10L, 10L, 10L, 10L, 10L, 10L, 10L, 
10L, 10L, 10L, 10L, 10L, 10L, 10L, 10L, 10L, 10L, 10L, 10L, 10L, 
10L, 10L, 10L, 10L, 10L, 10L, 10L, 10L, 10L, 10L, 10L, 10L, 10L, 
10L),