SimData <-
structure(list(nrSims = c(1000L, 1000L, 1000L, 1000L, 1000L, 
1000L, 1000L, 1000L, 1000L, 1000L, 1000L, 1000L, 1000L, 1000L, 
1000L, 1000L, 1000L, 1000L, 1000L, 1000L, 1000L, 1000L, 1000L, 
1000L, 1000L, 1000L, 1000L, 1000L, 1000L, 1000L, 1000L, 1000L, 
1000L, 1000L, 1000L, 1000L, 1000L, 1000L, 1000L, 1000L, 1000L, 
1000L, 1000L, 1000L, 1000L, 1000L, 1000L, 1000L, 1000L, 1000L, 
1000L, 1000L, 1000L, 1000L, 1000L, 1000L, 1000L, 1000L, 1000L, 
1000L, 1000L, 1000L, 1000L, 1000L, 1000L, 1000L, 1000L, 1000L, 
1000L, 1000L, 1000L, 1000L, 1000L, 1000L, 1000L, 1000L, 1000L, 
1000L, 1000L, 1000L, 1000L, 1000L, 1000L, 1000L, 1000L, 1000L, 
1000L, 1000L, 1000L, 1000L, 1000L, 1000L, 1000L, 1000L, 1000L, 
1000L, 1000L, 1000L, 1000L, 1000L, 1000L, 1000L, 1000L, 1000L, 
1000L, 1000L, 1000L, 1000L, 1000L, 1000L, 1000L, 1000L, 1000L, 
1000L, 1000L, 1000L, 1000L, 1000L, 1000L, 1000L, 1000L, 1000L, 
1000L, 1000L, 1000L, 1000L, 1000L, 1000L, 1000L, 1000L, 1000L, 
1000L, 1000L, 1000L, 1000L, 1000L, 1000L, 1000L, 1000L, 1000L, 
1000L, 1000L, 1000L, 1000L, 1000L, 1000L, 1000L, 1000L, 1000L, 
1000L, 1000L, 1000L, 1000L, 1000L, 1000L, 1000L, 1000L, 1000L, 
1000L, 1000L, 1000L, 1000L, 1000L, 1000L, 1000L, 1000L, 1000L, 
1000L, 1000L, 1000L, 1000L, 1000L, 1000L, 1000L, 1000L, 1000L, 
1000L, 1000L, 1000L, 1000L, 1000L, 1000L, 1000L, 1000L, 1000L, 
1000L, 1000L, 1000L, 1000L, 1000L, 1000L, 1000L, 1000L, 1000L, 
1000L, 1000L, 1000L, 1000L, 1000L, 1000L, 1000L, 1000L, 1000L, 
1000L, 1000L, 1000L, 1000L, 1000L, 1000L, 1000L, 1000L, 1000L, 
1000L, 1000L, 1000L, 1000L, 1000L, 1000L, 1000L, 1000L, 1000L, 
1000L, 1000L, 1000L, 1000L, 1000L, 1000L, 1000L, 1000L, 1000L, 
1000L, 1000L, 1000L, 1000L, 1000L, 1000L, 1000L, 1000L, 1000L, 
1000L, 1000L, 1000L, 1000L, 1000L, 1000L, 1000L, 1000L, 1000L, 
1000L, 1000L, 1000L, 1000L, 1000L, 1000L, 1000L, 1000L, 1000L, 
1000L, 1000L, 1000L, 1000L, 1000L, 1000L, 1000L, 1000L, 1000L, 
1000L, 1000L, 1000L, 1000L, 1000L, 1000L, 1000L, 1000L, 1000L, 
1000L, 1000L, 1000L, 1000L, 1000L, 1000L, 1000L, 1000L, 1000L, 
1000L, 1000L, 1000L, 1000L, 1000L, 1000L, 1000L, 1000L, 1000L, 
1000L, 1000L, 1000L, 1000L, 1000L, 1000L, 1000L, 1000L, 1000L, 
1000L, 1000L, 1000L, 1000L, 1000L, 1000L, 1000L, 1000L, 1000L, 
1000L, 1000L, 1000L, 1000L, 1000L, 1000L, 1000L, 1000L, 1000L, 
1000L, 1000L, 1000L, 1000L, 1000L, 1000L, 1000L, 1000L, 1000L, 
1000L, 1000L, 1000L, 1000L, 1000L, 1000L, 1000L, 1000L, 1000L, 
1000L, 1000L, 1000L, 1000L, 1000L, 1000L, 1000L, 1000L, 1000L, 
1000L, 1000L, 1000L, 1000L, 1000L, 1000L, 1000L, 1000L, 1000L, 
1000L, 1000L, 1000L, 1000L, 1000L, 1000L, 1000L, 1000L, 1000L, 
1000L, 1000L, 1000L, 1000L, 1000L, 1000L, 1000L, 1000L, 1000L, 
1000L, 1000L, 1000L, 1000L, 1000L, 1000L, 1000L, 1000L, 1000L, 
1000L, 1000L, 1000L, 1000L, 1000L, 1000L, 1000L, 1000L, 1000L, 
1000L, 1000L, 1000L, 1000L, 1000L, 1000L, 1000L, 1000L, 1000L, 
1000L, 1000L, 1000L, 1000L, 1000L, 1000L, 1000L, 1000L, 1000L, 
1000L, 1000L, 1000L, 1000L, 1000L, 1000L, 1000L, 1000L, 1000L, 
1000L, 1000L, 1000L, 1000L, 1000L, 1000L, 1000L, 1000L, 1000L, 
1000L, 1000L, 1000L, 1000L, 1000L, 1000L, 1000L, 1000L, 1000L, 
1000L, 1000L, 1000L, 1000L, 1000L, 1000L, 1000L, 1000L, 1000L, 
1000L, 1000L, 1000L, 1000L, 1000L, 1000L, 1000L, 1000L, 1000L, 
1000L, 1000L, 1000L, 1000L, 1000L, 1000L, 1000L, 1000L, 1000L, 
1000L, 1000L, 1000L, 1000L, 1000L, 1000L, 1000L, 1000L, 1000L, 
1000L, 1000L, 1000L, 1000L, 1000L, 1000L, 1000L, 1000L, 1000L, 
1000L, 1000L, 1000L, 1000L, 1000L, 1000L, 1000L, 1000L, 1000L, 
1000L, 1000L, 1000L, 1000L, 1000L, 1000L, 1000L, 1000L, 1000L, 
1000L, 1000L, 1000L, 1000L, 1000L, 1000L, 1000L, 1000L, 1000L, 
1000L, 1000L, 1000L, 1000L, 1000L, 1000L, 1000L, 1000L, 1000L, 
1000L, 1000L), n = c(50L, 50L, 50L, 50L, 50L, 50L, 50L, 50L, 
50L, 50L, 50L, 50L, 50L, 50L, 50L, 50L, 50L, 50L, 50L, 50L, 50L, 
50L, 50L, 50L, 50L, 50L, 50L, 50L, 50L, 50L, 50L, 50L, 50L, 50L, 
50L, 50L, 50L, 50L, 50L, 50L, 50L, 50L, 50L, 50L, 50L, 50L, 50L, 
50L, 50L, 50L, 50L, 50L, 50L, 50L, 50L, 50L, 50L, 50L, 50L, 50L, 
50L, 50L, 50L, 50L, 50L, 250L, 250L, 250L, 250L, 250L, 250L, 
250L, 250L, 250L, 250L, 250L, 250L, 250L, 250L, 250L, 250L, 250L, 
250L, 250L, 250L, 250L, 250L, 250L, 250L, 250L, 250L, 250L, 250L, 
250L, 250L, 250L, 250L, 250L, 250L, 250L, 250L, 250L, 250L, 250L, 
250L, 250L, 250L, 250L, 250L, 250L, 250L, 250L, 250L, 250L, 250L, 
250L, 250L, 250L, 250L, 250L, 250L, 250L, 250L, 250L, 250L, 250L, 
250L, 250L, 250L, 250L, 1250L, 1250L, 1250L, 1250L, 1250L, 1250L, 
1250L, 1250L, 1250L, 1250L, 1250L, 1250L, 1250L, 1250L, 1250L, 
1250L, 1250L, 1250L, 1250L, 1250L, 1250L, 1250L, 1250L, 1250L, 
1250L, 1250L, 1250L, 1250L, 1250L, 1250L, 1250L, 1250L, 1250L, 
1250L, 1250L, 1250L, 1250L, 1250L, 1250L, 1250L, 1250L, 1250L, 
1250L, 1250L, 1250L, 1250L, 1250L, 1250L, 1250L, 1250L, 1250L, 
1250L, 1250L, 1250L, 1250L, 1250L, 1250L, 1250L, 1250L, 1250L, 
1250L, 1250L, 1250L, 1250L, 1250L, 6250L, 6250L, 6250L, 6250L, 
6250L, 6250L, 6250L, 6250L, 6250L, 6250L, 6250L, 6250L, 6250L, 
6250L, 6250L, 6250L, 6250L, 6250L, 6250L, 6250L, 6250L, 6250L, 
6250L, 6250L, 6250L, 6250L, 6250L, 6250L, 6250L, 6250L, 6250L, 
6250L, 6250L, 6250L, 6250L, 6250L, 6250L, 6250L, 6250L, 6250L, 
6250L, 6250L, 6250L, 6250L, 6250L, 6250L, 6250L, 6250L, 6250L, 
6250L, 6250L, 6250L, 6250L, 6250L, 6250L, 6250L, 6250L, 6250L, 
6250L, 6250L, 6250L, 6250L, 6250L, 6250L, 6250L, 50L, 50L, 50L, 
50L, 50L, 50L, 50L, 50L, 50L, 50L, 50L, 50L, 50L, 50L, 50L, 50L, 
50L, 50L, 50L, 50L, 50L, 50L, 50L, 50L, 50L, 50L, 50L, 50L, 50L, 
50L, 50L, 50L, 50L, 50L, 50L, 50L, 50L, 50L, 50L, 50L, 50L, 50L, 
50L, 50L, 50L, 50L, 50L, 50L, 50L, 50L, 50L, 50L, 50L, 50L, 50L, 
50L, 50L, 50L, 50L, 50L, 50L, 50L, 50L, 50L, 50L, 250L, 250L, 
250L, 250L, 250L, 250L, 250L, 250L, 250L, 250L, 250L, 250L, 250L, 
250L, 250L, 250L, 250L, 250L, 250L, 250L, 250L, 250L, 250L, 250L, 
250L, 250L, 250L, 250L, 250L, 250L, 250L, 250L, 250L, 250L, 250L, 
250L, 250L, 250L, 250L, 250L, 250L, 250L, 250L, 250L, 250L, 250L, 
250L, 250L, 250L, 250L, 250L, 250L, 250L, 250L, 250L, 250L, 250L, 
250L, 250L, 250L, 250L, 250L, 250L, 250L, 250L, 1250L, 1250L, 
1250L, 1250L, 1250L, 1250L, 1250L, 1250L, 1250L, 1250L, 1250L, 
1250L, 1250L, 1250L, 1250L, 1250L, 1250L, 1250L, 1250L, 1250L, 
1250L, 1250L, 1250L, 1250L, 1250L, 1250L, 1250L, 1250L, 1250L, 
1250L, 1250L, 1250L, 1250L, 1250L, 1250L, 1250L, 1250L, 1250L, 
1250L, 1250L, 1250L, 1250L, 1250L, 1250L, 1250L, 1250L, 1250L, 
1250L, 1250L, 1250L, 1250L, 1250L, 1250L, 1250L, 1250L, 1250L, 
1250L, 1250L, 1250L, 1250L, 1250L, 1250L, 1250L, 1250L, 1250L, 
6250L, 6250L, 6250L, 6250L, 6250L, 6250L, 6250L, 6250L, 6250L, 
6250L, 6250L, 6250L, 6250L, 6250L, 6250L, 6250L, 6250L, 6250L, 
6250L, 6250L, 6250L, 6250L, 6250L, 6250L, 6250L, 6250L, 6250L, 
6250L, 6250L, 6250L, 6250L, 6250L, 6250L, 6250L, 6250L, 6250L, 
6250L, 6250L, 6250L, 6250L, 6250L, 6250L, 6250L, 6250L, 6250L, 
6250L, 6250L, 6250L, 6250L, 6250L, 6250L, 6250L, 6250L, 6250L, 
6250L, 6250L, 6250L, 6250L, 6250L, 6250L, 6250L, 6250L, 6250L, 
6250L, 6250L),