SimData <-
structure(list(nrSims = c(1000L, 1000L, 1000L, 1000L, 1000L, 
1000L, 1000L, 1000L, 1000L, 1000L, 1000L, 1000L, 1000L, 1000L, 
1000L, 1000L, 1000L, 1000L, 1000L, 1000L, 1000L, 1000L, 1000L, 
1000L, 1000L, 1000L, 1000L, 1000L, 1000L, 1000L), n = c(6250L, 
6250L, 6250L, 6250L, 6250L, 6250L, 6250L, 6250L, 6250L, 6250L, 
6250L, 6250L, 6250L, 6250L, 6250L, 6250L, 6250L, 6250L, 6250L, 
6250L, 6250L, 6250L, 6250L, 6250L, 6250L, 6250L, 6250L, 6250L, 
6250L, 6250L), p = c(11L, 11L, 11L, 11L, 11L, 50L, 50L, 50L, 
50L, 50L, 250L, 250L, 250L, 250L, 250L, 11L, 11L, 11L, 11L, 11L, 
50L, 50L, 50L, 50L, 50L, 250L, 250L, 250L, 250L, 250L), K = c(3L, 
3L, 3L, 3L, 3L, 3L, 3L, 3L, 3L, 3L, 3L, 3L, 3L, 3L, 3L, 3L, 3L, 
3L, 3L, 3L, 3L, 3L, 3L, 3L, 3L, 3L, 3L, 3L, 3L, 3L), betamin = c(0.2, 
0.2, 0.2, 0.2, 0.2, 0.2, 0.2, 0.2, 0.2, 0.2, 0.2, 0.2, 0.2, 0.2, 
0.2, 0.2, 0.2, 0.2, 0.2, 0.2, 0.2, 0.2, 0.2, 0.2, 0.2, 0.2, 0.2, 
0.2, 0.2, 0.2), betamax = c(2L, 2L, 2L, 2L, 2L, 2L, 2L, 2L, 2L, 
2L, 2L, 2L, 2L, 2L, 2L, 2L, 2L, 2L, 2L, 2L, 2L, 2L, 2L, 2L, 2L, 
2L, 2L, 2L, 2L, 2L), beta.fun = c("beta.Uniform", "beta.Uniform", 
"beta.Uniform", "beta.Uniform", "beta.Uniform", "beta.Uniform", 
"beta.Uniform", "beta.Uniform", "beta.Uniform", "beta.Uniform", 
"beta.Uniform", "beta.Uniform", "beta.Uniform", "beta.Uniform", 
"beta.Uniform", "beta.Uniform", "beta.Uniform", "beta.Uniform", 
"beta.Uniform", "beta.Uniform", "beta.Uniform", "beta.Uniform", 
"beta.Uniform", "beta.Uniform", "beta.Uniform", "beta.Uniform", 
"beta.Uniform", "beta.Uniform", "beta.Uniform", "beta.Uniform"
), Sigma.fun = c("Sigma.ConstCorr", "Sigma.ConstCorr", "Sigma.ConstCorr", 
"Sigma.ConstCorr", "Sigma.ConstCorr", "Sigma.ConstCorr", "Sigma.ConstCorr", 
"Sigma.ConstCorr", "Sigma.ConstCorr", "Sigma.ConstCorr", "Sigma.ConstCorr", 
"Sigma.ConstCorr", "Sigma.ConstCorr", "Sigma.ConstCorr", "Sigma.ConstCorr", 
"Sigma.ConstCorr", "Sigma.ConstCorr", "Sigma.ConstCorr", "Sigma.ConstCorr", 
"Sigma.ConstCorr", "Sigma.ConstCorr", "Sigma.ConstCorr", "Sigma.ConstCorr", 
"Sigma.ConstCorr", "Sigma.ConstCorr", "Sigma.ConstCorr", "Sigma.ConstCorr", 
"Sigma.ConstCorr", "Sigma.ConstCorr", "Sigma.ConstCorr"), epsilon.fun = c("epsilon.t2", 
"epsilon.t2", "epsilon.t2", "epsilon.t2", "epsilon.t2", "epsilon.t2", 
"epsilon.t2", "epsilon.t2", "epsilon.t2", "epsilon.t2", "epsilon.t2", 
"epsilon.t2", "epsilon.t2", "epsilon.t2", "epsilon.t2", "epsilon.t2", 
"epsilon.t2", "epsilon.t2", "epsilon.t2", "epsilon.t2", "epsilon.t2", 
"epsilon.t2", "epsilon.t2", "epsilon.t2", "epsilon.t2", "epsilon.t2", 
"epsilon.t2", "epsilon.t2", "epsilon.t2", "epsilon.t2"), doNormalize = c(FALSE, 
FALSE, FALSE, FALSE, FALSE, FALSE, FALSE, FALSE, FALSE, FALSE, 
FALSE, FALSE, FALSE, FALSE, FALSE, FALSE, FALSE, FALSE, FALSE, 
FALSE, FALSE, FALSE, FALSE, FALSE, FALSE, FALSE, FALSE, FALSE, 
FALSE, FALSE), rescaleByN = c(FALSE, FALSE, FALSE, FALSE, FALSE, 
FALSE, FALSE, FALSE, FALSE, FALSE, FALSE, FALSE, FALSE, FALSE, 
FALSE, FALSE, FALSE, FALSE, FALSE, FALSE, FALSE, FALSE, FALSE, 
FALSE, FALSE, FALSE, FALSE, FALSE, FALSE, FALSE), mu = c(0.166666666666667, 
0.166666666666667, 0.166666666666667, 0.166666666666667, 0.166666666666667, 
0.166666666666667, 0.166666666666667, 0.166666666666667, 0.166666666666667, 
0.166666666666667, 0.166666666666667, 0.166666666666667, 0.166666666666667, 
0.166666666666667, 0.166666666666667, 0.833333333333333, 0.833333333333333, 
0.833333333333333, 0.833333333333333, 0.833333333333333, 0.833333333333333, 
0.833333333333333, 0.833333333333333, 0.833333333333333, 0.833333333333333, 
0.833333333333333, 0.833333333333333, 0.833333333333333, 0.833333333333333, 
0.833333333333333), procedure = structure(c(1L, 1L, 1L, 1L, 1L, 
1L, 1L, 1L, 1L, 1L, 1L, 1L, 1L, 1L, 1L, 1L, 1L, 1L, 1L, 1L, 1L, 
1L, 1L, 1L, 1L, 1L, 1L, 1L, 1L, 1L), .Label = "FS_FixedK", class = "factor"), 
    outcome = structure(c(1L, 2L, 3L, 4L, 5L, 1L, 2L, 3L, 4L, 
    5L, 1L, 2L, 3L, 4L, 5L, 1L, 2L, 3L, 4L, 5L, 1L, 2L, 3L, 4L, 
    5L, 1L, 2L, 3L, 4L, 5L), .Label = c("foundTrueModel", "nrFalsePos", 
    "nrFalseNegs", "estimationSSE", "elapsed"), class = "factor"), 
    mean = c(0.967, 0.034, 0.034, 0.0125337426716872, 0.0287769999999999, 
    0.914, 0.086, 0.086, 0.0173317596552346, 0.156312, 0.874, 
    0.13, 0.13, 0.0300599354193763, 0.600636000000001, 0.65, 
    0.357, 0.357, 0.0738320405254396, 0.029507, 0.412, 0.604, 
    0.604, 0.194781070529693, 0.153744, 0.225, 0.821, 0.821, 
    0.19988358019785, 0.596823000000001), sd = c(0.178725887724591, 
    0.186758878982711, 0.186758878982711, 0.037788757843842, 
    0.0319363304122469, 0.28050433629925, 0.28050433629925, 0.28050433629925, 
    0.0445301018635888, 0.0387221649970922, 0.332015412645609, 
    0.348168380559208, 0.348168380559208, 0.191632299676671, 
    0.0578689062823408, 0.477208264521611, 0.493755804821366, 
    0.493755804821366, 0.241930929880183, 0.0330628659390576, 
    0.492441365543654, 0.522931599214905, 0.522931599214905, 
    2.57691208993492, 0.0379320617064945, 0.417791275099839, 
    0.493155353009781, 0.493155353009781, 1.07007670424594, 0.0562692091191496
    )), .Names = c("nrSims", "n", "p", "K", "betamin", "betamax", 
"beta.fun", "Sigma.fun", "epsilon.fun", "doNormalize", "rescaleByN", 
"mu", "procedure", "outcome", "mean", "sd"), row.names = c(NA, 
-30L), class = "data.frame")
mySeed <-
170924
indir <-
"~/CV/"
outdir <-
"~/CV/"
simSettingsList <-
NULL
whichProcedures <-
"FS_FixedK"
useParallel <-
TRUE
nCores <-
6
